-2.000000000000000000e+02
4.700000000000000000e+01
2.600000000000000000e+01
-1.800000000000000000e+01
2.100000000000000000e+01
1.550000000000000000e+02
-1.000000000000000000e+00
-5.000000000000000000e+01
1.610000000000000000e+02
1.540000000000000000e+02
-5.500000000000000000e+01
-6.100000000000000000e+01
4.000000000000000000e+00
1.410000000000000000e+02
1.800000000000000000e+01
1.100000000000000000e+01
4.700000000000000000e+01
-4.300000000000000000e+01
-1.320000000000000000e+02
1.880000000000000000e+02
-1.160000000000000000e+02
-2.600000000000000000e+01
1.100000000000000000e+01
-3.900000000000000000e+01
-1.200000000000000000e+01
-1.200000000000000000e+02
-1.130000000000000000e+02
4.000000000000000000e+00
1.320000000000000000e+02
3.100000000000000000e+01
-3.000000000000000000e+00
2.400000000000000000e+01
1.790000000000000000e+02
-6.700000000000000000e+01
-1.900000000000000000e+01
6.200000000000000000e+01
5.200000000000000000e+01
2.900000000000000000e+01
1.270000000000000000e+02
1.870000000000000000e+02
-8.600000000000000000e+01
-7.900000000000000000e+01
1.900000000000000000e+01
1.300000000000000000e+01
-5.200000000000000000e+01
1.480000000000000000e+02
-7.000000000000000000e+00
5.000000000000000000e+00
1.800000000000000000e+02
-3.800000000000000000e+01
-1.500000000000000000e+01
1.790000000000000000e+02
4.000000000000000000e+01
-1.250000000000000000e+02
2.000000000000000000e+01
-1.540000000000000000e+02
3.700000000000000000e+01
-1.320000000000000000e+02
-1.960000000000000000e+02
-4.400000000000000000e+01
7.000000000000000000e+00
1.470000000000000000e+02
7.000000000000000000e+00
-2.600000000000000000e+01
5.000000000000000000e+01
-6.000000000000000000e+01
1.460000000000000000e+02
-1.220000000000000000e+02
-2.310000000000000000e+02
-5.400000000000000000e+01
4.300000000000000000e+01
-9.200000000000000000e+01
-7.800000000000000000e+01
-1.130000000000000000e+02
4.100000000000000000e+01
-2.900000000000000000e+01
-6.700000000000000000e+01
-4.100000000000000000e+01
-1.530000000000000000e+02
3.100000000000000000e+01
-1.800000000000000000e+01
-1.620000000000000000e+02
9.000000000000000000e+00
-1.520000000000000000e+02
1.000000000000000000e+01
2.420000000000000000e+02
-7.000000000000000000e+00
4.000000000000000000e+01
-7.100000000000000000e+01
3.000000000000000000e+00
-1.370000000000000000e+02
-3.300000000000000000e+01
-1.820000000000000000e+02
-2.300000000000000000e+01
1.440000000000000000e+02
-8.900000000000000000e+01
2.100000000000000000e+01
-5.100000000000000000e+01
-7.600000000000000000e+01
5.700000000000000000e+01
